# Created by Octave 4.4.1, Tue Nov 20 17:36:46 2018 GMT <unknown@kusunoki>
# name: D
# type: matrix
# rows: 4
# columns: 2
 -0.046050473451024407 -0.012406229527684186
 -0.016417859907596748 0.066266597936724195
 0.036050659649889225 0.06071458983122964
 0.035573810474195576 -0.041978852258329015


# name: P
# type: matrix
# rows: 2
# columns: 2
 0.00060599475276935954 -0.0077609030426473782
 -0.0077609030426473782 0.099394011581608405


# name: e
# type: matrix
# rows: 4
# columns: 1
 0.95305025927858611
 0.8978257260169642
 1.1529608500350683
 0.96294914517490415


# name: m
# type: scalar
1


# name: n
# type: scalar
2


# name: r
# type: scalar
4


# name: x0
# type: matrix
# rows: 2
# columns: 1
 16.4026991051289
 98.6455851118873


# name: xc
# type: matrix
# rows: 2
# columns: 1
 16.4026991051289
 98.6455851118873


